107	141	103	128	137	125	102	133	126	113	
103	115	100	115	129	141	119	130	120	115	
140	140	132	148	127	104	145	147	100	113	
136	107	103	113	135	115	112	111	148	138	
125	125	128	125	140	106	140	133	111	135	
148	125	124	129	123	100	108	117	147	133	
105	107	114	133	145	149	122	107	135	144	
119	109	143	147	108	132	103	149	140	114	
107	137	113	131	141	136	105	149	128	126	
131	107	107	145	114	102	117	111	134	101	

100	100	100	101	102	102	103	103	103	103	
104	105	105	106	107	107	107	107	107	107	
107	108	108	109	111	111	111	112	113	113	
113	113	114	114	114	115	115	115	115	117	
117	119	119	120	122	123	124	125	125	125	
125	125	126	126	127	128	128	128	129	129	
130	131	131	132	132	133	133	133	133	134	
135	135	135	136	136	137	137	138	140	140	
140	140	140	141	141	141	143	144	145	145	
145	147	147	147	148	148	148	149	149	149	

чаще всего встречается число: 107
реже всего встречается число: 101
