150	128	106	107	101	147	134	115	132	149	
139	105	138	121	129	115	140	147	104	145	
109	139	127	150	128	100	102	101	134	132	
134	107	134	141	115	110	111	123	125	143	
146	113	148	133	134	126	122	148	147	127	
142	130	140	144	129	117	144	105	118	102	
137	102	109	146	117	149	105	102	146	130	
145	141	117	116	149	125	116	145	122	138	
121	138	117	110	131	147	102	150	126	120	
101	113	147	110	108	113	134	138	115	129	

100	101	101	101	102	102	102	102	102	104	
105	105	105	106	107	107	108	109	109	110	
110	110	111	113	113	113	115	115	115	115	
116	116	117	117	117	117	118	120	121	121	
122	122	123	125	125	126	126	127	127	128	
128	129	129	129	130	130	131	132	132	133	
134	134	134	134	134	134	137	138	138	138	
138	139	139	140	140	141	141	142	143	144	
144	145	145	145	146	146	146	147	147	147	
147	147	148	148	149	149	149	150	150	150	

0
1
2
3
4
5
6
7
8
9
10
11
12
13
14
15
16
17
18
19
20
21
22
23
24
25
26
27
28
29
30
31
32
33
34
35
36
37
38
39
40
41
42
43
44
45
46
47
48
49
50
51
52
53
54
55
56
57
58
59
60
61
62
63
64
65
66
67
68
69
70
71
72
73
74
75
76
77
78
79
80
81
82
83
84
85
86
87
88
89
90
91
92
93
94
95
96
97
98
максимальное число в массиве: 150

0
1
2
3
4
5
6
7
8
9
10
11
12
13
14
15
16
17
18
19
20
21
22
23
24
25
26
27
28
29
30
31
32
33
34
35
36
37
38
39
40
41
42
43
44
45
46
47
48
49
50
51
52
53
54
55
56
57
58
59
60
61
62
63
64
65
66
67
68
69
70
71
72
73
74
75
76
77
78
79
80
81
82
83
84
85
86
87
88
89
90
91
92
93
94
95
96
97
98
минимальное число в массиве: 150
