73	84
84	88
88	1
1	48
48	84
84	7
7	188
188	82
82	142
142	138
138	198
198	194
194	192
192	160
160	2
2	76
76	53
53	187
187	53
53	142
142	91
91	77
77	42
42	98
98	89
89	199
199	118
118	179
179	153
153	17
17	52
52	38
38	57
57	54
54	38
38	94
94	13
13	26
26	176
176	108
108	165
165	126
126	54
54	109
109	38
38	56
56	185
185	91
91	196
196	38
38	33
33	87
87	67
67	75
75	137
137	156
156	75
75	56
56	135
135	28
28	25
25	140
140	18
18	83
83	146
146	56
56	177
177	111
111	35
35	105
105	19
19	152
152	183
183	25
25	61
61	21
21	82
82	198
198	64
64	30
30	188
188	49
49	69
69	55
55	124
124	6
6	163
163	151
151	62
62	51
51	132
132	88
88	191
191	102
102	123
123	89
89	159
159	100
100	152
152	146
146	157
157	124
124	98
98	140
140	149
149	111
111	113
113	183
183	109
109	177
177	13
13	49
49	26
26	82
82	104
104	102
102	89
89	67
67	6
6	103
103	118
118	90
90	143
143	61
61	192
192	66
66	102
102	103
103	118
118	55
55	49
49	75
75	179
179	99
99	15
15	128
128	10
10	80
80	112
112	71
71	57
57	77
77	120
120	35
35	160
160	176
176	138
138	1
1	44
44	144
144	104
104	114
114	34
34	0
0	128
128	178
178	18
18	30
30	82
82	137
137	37
37	83
83	164
164	16
16	183
183	180
180	97
97	193
193	12
12	161
161	17
17	70
70	38
38	137
137	105
105	198
198	114
114	195
195	151
151	110
110	91
91	8
8	176
176	77
77	8
8	104
104	56
56	26
26	87
87	90
90	163
163	76
76	173
173	128
128	93
93	108
108	60
60	142
142	54
54	24
24	103
103	71
71	94
94	141
141	8
8	152
152	92
92	74
74	147
147	43
43	136
136	191
191	51
51	113
113	68
68	59
59	169
169	124
124	38
38	8
8	166
166	153
153	85
85	140
140	33
33	130
130	0
0	93
93	72
72	54
54	118
118	175
175	125
125	164
164	116
116	86
86	68
68	8
8	112
112	168
168	4
4	49
49	159
159	55
55	114
114	27
27	67
67	83
83	104
104	105
105	44
44	70
70	58
58	129
129	162
162	92
92	59
59	163
163	137
137	83
83	169
169	7
7	58
58	95
95	124
124	126
126	133
133	192
192	87
87	45
45	160
160	91
91	46
46	119
119	98
98	160
160	99
99	165
165	44
44	3
3	22
22	88
88	25
25	33
33	169
169	140
140	77
77	180
180	55
55	166
166	63
63	24
24	174
174	73
73	71
71	50
50	199
199	156
156	194
194	38
38	2
2	155
155	81
81	48
48	26
26	180
180	9
9	125
125	97
97	5
5	80
80	72
72	45
45	58
58	105
105	166
166	198
198	182
182	146
146	5
5	148
148	161
161	29
29	74
74	186
186	53
53	124
124	137
137	9
9	71
71	176
176	11
11	26
26	57
57	12
12	4
4	189
189	173
173	82
82	39
39	130
130	114
114	111
111	175
175	172
172	16
16	93
93	122
122	150
150	191
191	127
127	98
98	152
152	109
109	125
125	90
90	162
162	1
1	27
27	171
171	72
72	155
155	183
183	98
98	165
165	147
147	55
55	154
154	120
120	137
137	193
193	2
2	51
51	104
104	177
177	176
176	72
72	22
22	98
98	22
22	13
13	178
178	121
121	117
117	87
87	198
198	7
7	49
49	199
199	186
186	20
20	72
72	142
142	155
155	122
122	107
107	102
102	177
177	61
61	174
174	114
114	7
7	176
176	118
118	63
63	105
105	94
94	136
136	127
127	144
144	158
158	140
140	122
122	31
31	57
57	9
9	181
181	16
16	58
58	181
181	3
3	79
79	53
53	145
145	34
34	175
175	52
52	89
89	105
105	65
65	63
63	171
171	24
24	192
192	41
41	88
88	97
97	135
135	176
176	25
25	80
80	86
86	117
117	154
154	70
70	127
127	164
164	51
51	95
95	174
174	32
32	98
98	5
5	37
37	195
195	192
192	165
165	199
199	81
81	70
70	17
17	96
96	193
193	41
41	88
88	35
35	81
81	186
186	170
170	57
57	163
163	2
2	144
144	32
32	109
109	166
166	159
159	73
73	17
17	55
55	199
199	2
2	105
105	5
5	39
39	101
101	197
197	4
4	52
52	78
78	26
26	69
69	126
126	20
20	111
111	15
15	55
55	192
192	153
153	25
